

"pod1texture":{
        "distortion":[
            [
                0.0
            ],
            [
                0.0
            ],
            [
                0.0
            ],
            [
                0.0
            ],
            [
                0.0
            ]
        ],
        "intrinsic":[
            [
                6466.813912187974,
                0.0,
                611.538839024599
            ],
            [
                0.0,
                7302.842623389923,
                907.3544183654882
            ],
            [
                0.0,
                0.0,
                1.0
            ]
        ],
        "rotation":[
            [
                0.8948668620799853,
                -0.012604198150612518,
                0.44615516733542504
            ],
            [
                0.007647887013473817,
                -0.9990214235530859,
                -0.043562657244419344
            ],
            [
                0.4462676427608775,
                0.0423949227024383,
                -0.8938947709622783
            ]
        ],
        "translation":[
            [
                -1.450724886385424
            ],
            [
                175.25
            ],
            [
                140.89153365110965
            ]
        ]
    },

pod2texture: -0.1250, -0.0315, 0.0093

    "pod2texture":{
        "distortion":[
            [
                0.0
            ],
            [
                0.0
            ],
            [
                0.0
            ],
            [
                0.0
            ],
            [
                0.0
            ]
        ],
        "intrinsic":[
            [
                6661.29635793588,
                0.0,
                585.4572896225934
            ],
            [
                0.0,
                7202.923967930089,
                872.260046298708
            ],
            [
                0.0,
                0.0,
                1.0
            ]
        ],
        "rotation":[
            [
                0.9988341551525305,
                -0.006765559929886988,
                0.04779704697539126
            ],
            [
                -0.0040205376362404035,
                -0.9983491855919079,
                -0.057295190942083754
            ],
            [
                0.04810577696959301,
                0.05703622381267337,
                -0.9972124665262375
            ]
        ],
        "translation":[
            [
                0.225
            ],
            [
                174.9985
            ],
            [
                150.6198949428391
            ]
        ]
    },
	"pod3texture":{
        "distortion":[
            [
                0.0
            ],
            [
                0.0
            ],
            [
                0.0
            ],
            [
                0.0
            ],
            [
                0.0
            ]
        ],
        "intrinsic":[
            [
                6342.320804737471,
                0.0,
                579.4215186384574
            ],
            [
                0.0,
                6823.895725868115,
                843.8417663872224
            ],
            [
                0.0,
                0.0,
                1.0
            ]
        ],
        "rotation":[
            [
                0.9202744170830361,
                -0.010590527924148954,
                -0.39113020591711667
            ],
            [
                -0.030693733398960865,
                -0.9985071386246045,
                -0.04518173132736697
            ],
            [
                -0.39006780435266863,
                0.05358483772479562,
                -0.9192256377916662
            ]
        ],
        "translation":[
            [
                5.158497377973718
            ],
            [
                175.3034
            ],
            [
                140.3369355289188
            ]