{
    "pod1primary":{
        "distortion":[
            [
                0.0
            ],
            [
                0.0
            ],
            [
                0.0
            ],
            [
                0.0
            ],
            [
                0.0
            ]
        ],
        "intrinsic":[
            [
                6783.650311708931,
                0.0,
                623.3321255675289
            ],
            [
                0.0,
                6774.418605450524,
                885.8820491641629
            ],
            [
                0.0,
                0.0,
                1.0
            ]
        ],
        "rotation":[
            [
                0.8954994282110309,
                -0.01242574441324398,
                0.4448891715354427
            ],
            [
                0.045857907455639654,
                -0.9917137065126026,
                -0.12000406925944448
            ],
            [
                0.442693829183902,
                0.12786526186111807,
                -0.8875092384937082
            ]
        ],
        "translation":[
            [
                1.4672502722883543
            ],
            [
                -1.4086141634102247
            ],
            [
                153.22869101517506
            ]
        ]
    },
    "pod1secondary":{
        "distortion":[
            [
                0.0
            ],
            [
                0.0
            ],
            [
                0.0
            ],
            [
                0.0
            ],
            [
                0.0
            ]
        ],
        "intrinsic":[
            [
                6799.921336200461,
                0.0,
                653.7227772827914
            ],
            [
                0.0,
                6788.267112626613,
                895.7608162141396
            ],
            [
                0.0,
                0.0,
                1.0
            ]
        ],
        "rotation":[
            [
                0.8927783673450181,
                -0.011756803313736375,
                0.450342718800477
            ],
            [
                -0.026928039656776252,
                -0.9992646305896424,
                0.02729613036290469
            ],
            [
                0.44969063530499104,
                -0.03649624129123051,
                -0.8924384331093131
            ]
        ],
        "translation":[
            [
                0.4501455389783501
            ],
            [
                -2.375159098651456
            ],
            [
                152.5370603776127
            ]
        ]
    },
    "pod1texture":{
        "distortion":[
            [
                0.0
            ],
            [
                0.0
            ],
            [
                0.0
            ],
            [
                0.0
            ],
            [
                0.0
            ]
        ],
        "intrinsic":[
            [
                6466.813912187974,
                0.0,
                611.538839024599
            ],
            [
                0.0,
                7302.842623389923,
                907.3544183654882
            ],
            [
                0.0,
                0.0,
                1.0
            ]
        ],
        "rotation":[
            [
                0.8948668620799853,
                -0.012604198150612518,
                0.44615516733542504
            ],
            [
                0.007647887013473817,
                -0.9990214235530859,
                -0.043562657244419344
            ],
            [
                0.4462676427608775,
                0.0423949227024383,
                -0.8938947709622783
            ]
        ],
        "translation":[
            [
                -1.450724886385424
            ],
            [
                175.25
            ],
            [
                140.89153365110965
            ]
        ]
    },
    "pod2primary":{
        "distortion":[
            [
                0.0
            ],
            [
                0.0
            ],
            [
                0.0
            ],
            [
                0.0
            ],
            [
                0.0
            ]
        ],
        "intrinsic":[
            [
                6754.015225852531,
                0.0,
                603.6517653667166
            ],
            [
                0.0,
                6748.416823865293,
                874.6001675559808
            ],
            [
                0.0,
                0.0,
                1.0
            ]
        ],
        "rotation":[
            [
                0.998880105441341,
                -0.009434222559696033,
                0.04636302835439028
            ],
            [
                -0.0030683080311667693,
                -0.9907722882212491,
                -0.1355022449210935
            ],
            [
                0.047213562027469944,
                0.1352082406420713,
                -0.9896916748276475
            ]
        ],
        "translation":[
            [
                0.011988748007253507
            ],
            [
                -1.6415167203663885
            ],
            [
                151.4828961945324
            ]
        ]
    },
    "pod2secondary":{
        "distortion":[
            [
                0.0
            ],
            [
                0.0
            ],
            [
                0.0
            ],
            [
                0.0
            ],
            [
                0.0
            ]
        ],
        "intrinsic":[
            [
                6798.695863406532,
                0.0,
                596.6624708559623
            ],
            [
                0.0,
                6788.573797982888,
                856.0071439378331
            ],
            [
                0.0,
                0.0,
                1.0
            ]
        ],
        "rotation":[
            [
                0.9993599201670958,
                -0.014992003161943301,
                0.03248060659544661
            ],
            [
                -0.015614637880939202,
                -0.9996975204338392,
                0.019001334749980885
            ],
            [
                0.032185913805002124,
                -0.019496345288950306,
                -0.9992917289124889
            ]
        ],
        "translation":[
            [
                0.29028693410350925
            ],
            [
                -1.2845359479271892
            ],
            [
                150.89789132647553
            ]
        ]
    },
    "pod2texture":{
        "distortion":[
            [
                0.0
            ],
            [
                0.0
            ],
            [
                0.0
            ],
            [
                0.0
            ],
            [
                0.0
            ]
        ],
        "intrinsic":[
            [
                6661.29635793588,
                0.0,
                585.4572896225934
            ],
            [
                0.0,
                7202.923967930089,
                872.260046298708
            ],
            [
                0.0,
                0.0,
                1.0
            ]
        ],
        "rotation":[
            [
                0.9988341551525305,
                -0.006765559929886988,
                0.04779704697539126
            ],
            [
                -0.0040205376362404035,
                -0.9983491855919079,
                -0.057295190942083754
            ],
            [
                0.04810577696959301,
                0.05703622381267337,
                -0.9972124665262375
            ]
        ],
        "translation":[
            [
                0.225
            ],
            [
                174.9985
            ],
            [
                150.6198949428391
            ]
        ]
    },
    "pod3primary":{
        "distortion":[
            [
                0.0
            ],
            [
                0.0
            ],
            [
                0.0
            ],
            [
                0.0
            ],
            [
                0.0
            ]
        ],
        "intrinsic":[
            [
                6872.3797811284385,
                0.0,
                587.0339531544562
            ],
            [
                0.0,
                6874.74386228018,
                784.3418186355801
            ],
            [
                0.0,
                0.0,
                1.0
            ]
        ],
        "rotation":[
            [
                0.9191703783813542,
                -0.008393969956159156,
                -0.39377069059879766
            ],
            [
                -0.0657443845253478,
                -0.9890158914264272,
                -0.1323829385131361
            ],
            [
                -0.38833425217158235,
                0.14757068738189388,
                -0.9096259675360929
            ]
        ],
        "translation":[
            [
                0.6604080979635125
            ],
            [
                0.8762608491425734
            ],
            [
                150.84656697078046
            ]
        ]
    },
    "pod3secondary":{
        "distortion":[
            [
                0.0
            ],
            [
                0.0
            ],
            [
                0.0
            ],
            [
                0.0
            ],
            [
                0.0
            ]
        ],
        "intrinsic":[
            [
                6858.713412301058,
                0.0,
                586.2645712368987
            ],
            [
                0.0,
                6856.902495103131,
                831.8568921769786
            ],
            [
                0.0,
                0.0,
                1.0
            ]
        ],
        "rotation":[
            [
                0.9202175943314427,
                -0.007510013825528166,
                -0.391335123360009
            ],
            [
                0.004475762915476432,
                -0.9995486360172269,
                0.029706763243840247
            ],
            [
                -0.3913815869828031,
                -0.02908820944027851,
                -0.919768628211672
            ]
        ],
        "translation":[
            [
                -0.12038593320719547
            ],
            [
                -0.9301814912636703
            ],
            [
                149.23189886914298
            ]
        ]
    },
    "pod3texture":{
        "distortion":[
            [
                0.0
            ],
            [
                0.0
            ],
            [
                0.0
            ],
            [
                0.0
            ],
            [
                0.0
            ]
        ],
        "intrinsic":[
            [
                6342.320804737471,
                0.0,
                579.4215186384574
            ],
            [
                0.0,
                6823.895725868115,
                843.8417663872224
            ],
            [
                0.0,
                0.0,
                1.0
            ]
        ],
        "rotation":[
            [
                0.9202744170830361,
                -0.010590527924148954,
                -0.39113020591711667
            ],
            [
                -0.030693733398960865,
                -0.9985071386246045,
                -0.04518173132736697
            ],
            [
                -0.39006780435266863,
                0.05358483772479562,
                -0.9192256377916662
            ]
        ],
        "translation":[
            [
                5.158497377973718
            ],
            [
                175.3034
            ],
            [
                140.3369355289188
            ]
        ]
    }
}