{
    "pod1primary":{
        "distortion":[
            [
                0.21125094293492486,
                -5.828262055160396,
                0.0,
                0.0,
                -19.25557118545356
            ]
        ],
        "intrinsic":[
            [
                6693.190311868104,
                0.0,
                594.2106606897482
            ],
            [
                0.0,
                6683.282176145806,
                897.5281837997263
            ],
            [
                0.0,
                0.0,
                1.0
            ]
        ],
        "rotation":[
            [
                0.9259287635647537,
                0.002175080576497554,
                0.37769192978925575
            ],
            [
                0.04660793665793996,
                -0.9929985594893284,
                -0.10854289977980257
            ],
            [
                0.3748114526584478,
                0.11810643452667831,
                -0.9195473044272707
            ]
        ],
        "translation":[
            [
                2.4221266370840207
            ],
            [
                -1.7678874756781857
            ],
            [
                149.69181267583025
            ]
        ]
    },
    "pod1secondary":{
        "distortion":[
            [
                0.15701148207776464,
                0.09310450218088703,
                0.0,
                0.0,
                -0.07530279699351106
            ]
        ],
        "intrinsic":[
            [
                6721.952479320034,
                0.0,
                608.6000895390628
            ],
            [
                0.0,
                6705.420381982033,
                879.4966949389059
            ],
            [
                0.0,
                0.0,
                1.0
            ]
        ],
        "rotation":[
            [
                0.9241200047998155,
                0.002141429471938918,
                0.38209636351135995
            ],
            [
                -0.014107134452480952,
                -0.9991113284972765,
                0.03971828327039092
            ],
            [
                0.3818418592641832,
                -0.04209474490033289,
                -0.9232685562529722
            ]
        ],
        "translation":[
            [
                1.7651175747025885
            ],
            [
                -1.8599774183934918
            ],
            [
                149.20164417392957
            ]
        ]
    },
    "pod1texture":{
        "distortion":[
            [
                0.22201757186541396,
                -4.949313443555651,
                0.0,
                0.0,
                -0.24546245859102286
            ]
        ],
        "intrinsic":[
            [
                6674.17188650705,
                0.0,
                570.5578390891673
            ],
            [
                0.0,
                6658.47681825143,
                896.3953657199486
            ],
            [
                0.0,
                0.0,
                1.0
            ]
        ],
        "rotation":[
            [
                0.9256030881503686,
                0.0017137081198786179,
                0.37849172568364187
            ],
            [
                0.015136206497632886,
                -0.9993574139581263,
                -0.03249083593549539
            ],
            [
                0.3781928323743885,
                0.035802546996074526,
                -0.9250342475655869
            ]
        ],
        "translation":[
            [
                2.453070541394862
            ],
            [
                -2.1324545156485275
            ],
            [
                148.26264594884114
            ]
        ]
    },
    "pod2primary":{
        "distortion":[
            [
                0.04672577945761079,
                9.479445082648569,
                0.0,
                0.0,
                -0.007020470542015944
            ]
        ],
        "intrinsic":[
            [
                6679.372946320818,
                0.0,
                610.1563303082507
            ],
            [
                0.0,
                6680.532992737014,
                894.1620530828466
            ],
            [
                0.0,
                0.0,
                1.0
            ]
        ],
        "rotation":[
            [
                0.9997626600204735,
                -0.00015662502637622052,
                -0.02178529543955723
            ],
            [
                -0.0027747772731308087,
                -0.9927456109348572,
                -0.12020171621346097
            ],
            [
                -0.021608429833567203,
                0.12023363688326992,
                -0.9925104273114463
            ]
        ],
        "translation":[
            [
                -0.38425698501803135
            ],
            [
                -2.196794443469362
            ],
            [
                148.42803327888535
            ]
        ]
    },
    "pod2secondary":{
        "distortion":[
            [
                -0.025085459318730883,
                38.40954766543433,
                0.0,
                0.0,
                -2719.360500785922
            ]
        ],
        "intrinsic":[
            [
                6780.590909533918,
                0.0,
                603.0260749338927
            ],
            [
                0.0,
                6770.639224478403,
                844.6654790190172
            ],
            [
                0.0,
                0.0,
                1.0
            ]
        ],
        "rotation":[
            [
                0.99899202335472,
                -0.006051074415755732,
                -0.04447832924084995
            ],
            [
                -0.0036695206514696928,
                -0.9985647460512607,
                0.05343203684840906
            ],
            [
                -0.04473781277432881,
                -0.053214964455463955,
                -0.9975804206509733
            ]
        ],
        "translation":[
            [
                -0.21513949028497803
            ],
            [
                -0.9254323175019217
            ],
            [
                -148.91048946653328
            ]
        ]
    },
    "pod2texture":{
        "distortion":[
            [
                -0.011297714630990503,
                26.543917520015864,
                0.0,
                0.0,
                -1484.8150283422315
            ]
        ],
        "intrinsic":[
            [
                6735.721218350217,
                0.0,
                596.0874727508441
            ],
            [
                0.0,
                6728.255042591555,
                864.8747478893115
            ],
            [
                0.0,
                0.0,
                1.0
            ]
        ],
        "rotation":[
            [
                0.9997454847132787,
                0.002622074447838468,
                0.022407376486353662
            ],
            [
                0.0019059936783241485,
                0.9994886358843537,
                0.03191917803033519
            ],
            [
                0.022479612619202113,
                0.03186834579365607,
                0.9992392484049386
            ]
        ],
        "translation":[
            [
                -0.5000063592102
            ],
            [
                -1.6773390040581575
            ],
            [
                -148.58365389219682
            ]
        ]
    },
    "pod3primary":{
        "distortion":[
            [
                -0.6445232403730654,
                12.493753332782253,
                0.0,
                0.0,
                -114.11148058107645
            ]
        ],
        "intrinsic":[
            [
                7039.694353794021,
                0.0,
                417.70138208885425
            ],
            [
                0.0,
                7035.441127591242,
                184.4781872437506
            ],
            [
                0.0,
                0.0,
                1.0
            ]
        ],
        "rotation":[
            [
                0.8745833019654254,
                -0.00307126289745107,
                -0.4848655641180018
            ],
            [
                -0.1049283847939683,
                -0.9774833878635971,
                -0.18307446713081937
            ],
            [
                -0.47338576445408903,
                0.21099003245395098,
                -0.8552129116292027
            ]
        ],
        "translation":[
            [
                3.457075815224183
            ],
            [
                13.723034021375742
            ],
            [
                151.868208318137
            ]
        ]
    },
    "pod3secondary":{
        "distortion":[
            [
                0.04496300234161155,
                23.911307950402474,
                0.0,
                0.0,
                -1914.1849639564714
            ]
        ],
        "intrinsic":[
            [
                6772.00047102464,
                0.0,
                641.4358417426939
            ],
            [
                0.0,
                6761.7137735506585,
                834.8080379068502
            ],
            [
                0.0,
                0.0,
                1.0
            ]
        ],
        "rotation":[
            [
                0.8925813141221701,
                -0.005208583875155076,
                -0.4508563721784964
            ],
            [
                0.016063000920152757,
                -0.9989311990980114,
                0.04334096757166515
            ],
            [
                -0.45060024154607214,
                -0.045927444111603176,
                -0.8915436569209592
            ]
        ],
        "translation":[
            [
                -2.2819948548868307
            ],
            [
                -0.9266562614928262
            ],
            [
                145.94231722444414
            ]
        ]
    },
    "pod3texture":{
        "distortion":[
            [
                0.13429522404578303,
                2.9395537851031173,
                0.0,
                0.0,
                -368.4094995799311
            ]
        ],
        "intrinsic":[
            [
                6745.743031378994,
                0.0,
                639.9865674852845
            ],
            [
                0.0,
                6736.8683592344105,
                854.9977853392292
            ],
            [
                0.0,
                0.0,
                1.0
            ]
        ],
        "rotation":[
            [
                0.892914335331259,
                -0.008973783725278586,
                -0.45013715794809384
            ],
            [
                -0.023585705979293957,
                -0.9993608466277293,
                -0.02686284982957477
            ],
            [
                -0.4496083898609917,
                0.03460302635839694,
                -0.8925552791471497
            ]
        ],
        "translation":[
            [
                -2.2221144649212614
            ],
            [
                -1.1607430519973767
            ],
            [
                145.84642258925894
            ]
        ]
    }
}