{
    "pod1primary":{
        "distortion":[
            [
                0.0
            ],
            [
                0.0
            ],
            [
                0.0
            ],
            [
                0.0
            ],
            [
                0.0
            ]
        ],
        "intrinsic":[
            [
                6799.752742258829,
                0.0,
                648.9531553382736
            ],
            [
                0.0,
                6799.570601201011,
                890.5067732519558
            ],
            [
                0.0,
                0.0,
                1.0
            ]
        ],
        "rotation":[
            [
                0.8949371526477976,
                -0.012928995350679554,
                0.4460048585944723
            ],
            [
                0.04555791303939802,
                -0.9917082944407679,
                -0.12016295309652505
            ],
            [
                0.44386030389092895,
                0.12785734166095095,
                -0.8869275792381512
            ]
        ],
        "translation":[
            [
                0.8895471505528374
            ],
            [
                -1.512985537504406
            ],
            [
                153.78355893717844
            ]
        ]
    },
    "pod1secondary":{
        "distortion":[
            [
                0.0
            ],
            [
                0.0
            ],
            [
                0.0
            ],
            [
                0.0
            ],
            [
                0.0
            ]
        ],
        "intrinsic":[
            [
                6800.915048023994,
                0.0,
                672.6225885677713
            ],
            [
                0.0,
                6797.233281261793,
                897.3631156398919
            ],
            [
                0.0,
                0.0,
                1.0
            ]
        ],
        "rotation":[
            [
                0.8925747164163664,
                -0.01166994677735041,
                0.45074847526803385
            ],
            [
                -0.02702969956339461,
                -0.9992520577755869,
                0.027653577937907507
            ],
            [
                0.4500886256680523,
                -0.03686648035097883,
                -0.8922225572528274
            ]
        ],
        "translation":[
            [
                0.026175180178234708
            ],
            [
                -2.4110925078535654
            ],
            [
                152.73849745075955
            ]
        ]
    },
    "pod1texture":{
        "distortion":[
            [
                0.0
            ],
            [
                0.0
            ],
            [
                0.0
            ],
            [
                0.0
            ],
            [
                0.0
            ]
        ],
        "intrinsic":[
            [
                6777.975317683228,
                0.0,
                637.1509205079312
            ],
            [
                0.0,
                6773.087879227262,
                908.8082737058713
            ],
            [
                0.0,
                0.0,
                1.0
            ]
        ],
        "rotation":[
            [
                0.8941132476187379,
                -0.012778908395734034,
                0.4476585751807805
            ],
            [
                0.007547433226427019,
                -0.99902087603206,
                -0.04359272306048237
            ],
            [
                0.4477773293550777,
                0.04235550439256655,
                -0.8931413519501186
            ]
        ],
        "translation":[
            [
                0.6685801283600097
            ],
            [
                -2.43840950397745
            ],
            [
                152.30103489695384
            ]
        ]
    },
    "pod2primary":{
        "distortion":[
            [
                0.0
            ],
            [
                0.0
            ],
            [
                0.0
            ],
            [
                0.0
            ],
            [
                0.0
            ]
        ],
        "intrinsic":[
            [
                6650.922040910014,
                0.0,
                593.9219230186989
            ],
            [
                0.0,
                6650.676926220827,
                918.914654254545
            ],
            [
                0.0,
                0.0,
                1.0
            ]
        ],
        "rotation":[
            [
                0.998996940022554,
                -0.009267342904917295,
                0.043809019403052166
            ],
            [
                -0.00331636769311373,
                -0.9909749945576071,
                -0.13400582773474762
            ],
            [
                0.0446555207213889,
                0.13372612503558706,
                -0.9900117211185271
            ]
        ],
        "translation":[
            [
                0.22982158635277045
            ],
            [
                -2.634475937269301
            ],
            [
                149.18128794001862
            ]
        ]
    },
    "pod2secondary":{
        "distortion":[
            [
                0.0
            ],
            [
                0.0
            ],
            [
                0.0
            ],
            [
                0.0
            ],
            [
                0.0
            ]
        ],
        "intrinsic":[
            [
                6741.996465150957,
                0.0,
                589.178626445742
            ],
            [
                0.0,
                6732.091316331664,
                870.0588882423301
            ],
            [
                0.0,
                0.0,
                1.0
            ]
        ],
        "rotation":[
            [
                0.9993634532463254,
                -0.015037728129311605,
                0.032350503060827235
            ],
            [
                -0.015659046461564234,
                -0.9996961096619733,
                0.019038975566721784
            ],
            [
                0.032054369117083786,
                -0.01953343439911597,
                -0.9992952328321602
            ]
        ],
        "translation":[
            [
                0.456428488336228
            ],
            [
                -1.5968281815005165
            ],
            [
                149.64156482017205
            ]
        ]
    },
    "pod2texture":{
        "distortion":[
            [
                0.0
            ],
            [
                0.0
            ],
            [
                0.0
            ],
            [
                0.0
            ],
            [
                0.0
            ]
        ],
        "intrinsic":[
            [
                6660.93111560545,
                0.0,
                575.1448861681911
            ],
            [
                0.0,
                6654.6412321164,
                899.3944452514739
            ],
            [
                0.0,
                0.0,
                1.0
            ]
        ],
        "rotation":[
            [
                0.9989389905757365,
                -0.00672306106715095,
                0.04555978004136087
            ],
            [
                -0.004143959646562171,
                -0.998395756053999,
                -0.056468946260855024
            ],
            [
                0.04586633521415777,
                0.05622023428669634,
                -0.9973643088414441
            ]
        ],
        "translation":[
            [
                0.5950746429310445
            ],
            [
                -2.4275711323410833
            ],
            [
                148.38623147556874
            ]
        ]
    },
    "pod3primary":{
        "distortion":[
            [
                0.0
            ],
            [
                0.0
            ],
            [
                0.0
            ],
            [
                0.0
            ],
            [
                0.0
            ]
        ],
        "intrinsic":[
            [
                6912.689998311399,
                0.0,
                561.6856513284764
            ],
            [
                0.0,
                6917.381497730019,
                775.5921576232281
            ],
            [
                0.0,
                0.0,
                1.0
            ]
        ],
        "rotation":[
            [
                0.9180154559033037,
                -0.007849523245716795,
                -0.3964669061945321
            ],
            [
                -0.06623529797450045,
                -0.988793715995523,
                -0.13379040514922608
            ],
            [
                -0.39097379455006714,
                0.14908176344737767,
                -0.90824782949509
            ]
        ],
        "translation":[
            [
                1.2171166387650971
            ],
            [
                1.068089263733082
            ],
            [
                151.7776655324515
            ]
        ]
    },
    "pod3secondary":{
        "distortion":[
            [
                0.0
            ],
            [
                0.0
            ],
            [
                0.0
            ],
            [
                0.0
            ],
            [
                0.0
            ]
        ],
        "intrinsic":[
            [
                6841.116896220278,
                0.0,
                612.6457985593336
            ],
            [
                0.0,
                6834.209509074775,
                827.6295128621782
            ],
            [
                0.0,
                0.0,
                1.0
            ]
        ],
        "rotation":[
            [
                0.9210264945798041,
                -0.007398249680451771,
                -0.38942966269109913
            ],
            [
                0.004234655652610451,
                -0.9995703044559143,
                0.029004726190993802
            ],
            [
                -0.3894769107065801,
                -0.02836322181234711,
                -0.9205994045592698
            ]
        ],
        "translation":[
            [
                -0.693753523778363
            ],
            [
                -0.8383139107410116
            ],
            [
                148.73734161137887
            ]
        ]
    },
    "pod3texture":{
        "distortion":[
            [
                0.0
            ],
            [
                0.0
            ],
            [
                0.0
            ],
            [
                0.0
            ],
            [
                0.0
            ]
        ],
        "intrinsic":[
            [
                6904.521298821932,
                0.0,
                534.4579081771257
            ],
            [
                0.0,
                6911.442517127819,
                836.8942656224852
            ],
            [
                0.0,
                0.0,
                1.0
            ]
        ],
        "rotation":[
            [
                0.9186694789501142,
                -0.010246628394565502,
                -0.3948941567712404
            ],
            [
                -0.03108614760138979,
                -0.9984386359946814,
                -0.04641057616949652
            ],
            [
                -0.3938020313213606,
                0.05491171787172311,
                -0.917553629695587
            ]
        ],
        "translation":[
            [
                1.0309687525150164
            ],
            [
                -0.7274083413520211
            ],
            [
                150.85188906163881
            ]
        ]
    }
}